,selenium.csv,pcgen.csv,lockss.csv,webdriver.csv,tolven.csv,personalaccess.csv
lockss.csv,0.43,0.49,0.55,0.62,0.68,0.67
pcgen.csv,0.95,0.62,0.36,0.96,0.92,0.35
personalaccess.csv,0.45,0.84,0.73,0.58,0.89,0.85
selenium.csv,0.67,0.65,0.68,0.87,0.78,0.58
tolven.csv,0.42,0.64,0.27,0.47,0.81,0.12
webdriver.csv,0.6,0.02,0.05,0.73,0.41,0.46
